      0/27     9.18G   0.07802   0.03241   0.01653     0.127        40       640    0.6185    0.6126    0.6389    0.2569   0.05202   0.01714   0.00464
      1/27     9.13G   0.05414   0.02106  0.006139   0.08134        64       640    0.8322    0.7636    0.8232    0.4273   0.04435   0.01429  0.003788
      2/27     9.13G   0.04865   0.02002  0.005389   0.07406        61       640     0.904    0.7938    0.8562    0.4976   0.03818   0.01423  0.003876
      3/27     9.13G   0.04386   0.01961  0.005232    0.0687        33       640    0.8859    0.7943    0.8463    0.4552   0.03943    0.0145  0.003265
      4/27     9.13G    0.0391    0.0196  0.005158   0.06386        46       640    0.9106    0.8158    0.8792    0.5428   0.03425   0.01349  0.002911
      5/27     9.13G   0.03655    0.0186  0.004219   0.05937        69       640    0.9321    0.8217    0.8855    0.5724   0.03237   0.01336  0.002909
      6/27     9.13G   0.03513   0.01879  0.004055   0.05797        51       640    0.9255    0.8513    0.8983    0.5748   0.03208   0.01284  0.002444
      7/27     9.13G   0.03379   0.01798  0.003844   0.05561        51       640    0.9428    0.8197    0.8931    0.5706   0.03225   0.01304  0.003013
      8/27     9.13G    0.0327   0.01734  0.003459    0.0535        55       640    0.9442    0.8366    0.8993    0.5925   0.03059   0.01276  0.002614
      9/27     9.13G   0.03207   0.01751  0.003301   0.05288        52       640    0.9271    0.8579    0.9062    0.5959   0.02961    0.0128  0.002354
     10/27     9.13G    0.0308   0.01649  0.003129   0.05042        50       640    0.9442    0.8455    0.9032    0.5942   0.03018   0.01278  0.002422
     11/27     9.13G   0.03042    0.0165  0.002932   0.04986        62       640    0.9248     0.841    0.8996    0.6129   0.02953   0.01264  0.003043
     12/27     9.13G   0.02988   0.01671  0.003009    0.0496        36       640    0.9482    0.8479    0.9081    0.6141   0.02954   0.01251  0.002355
     13/27     9.13G   0.02928   0.01636  0.002653   0.04829        52       640     0.954    0.8457    0.9106    0.6206   0.02922    0.0126  0.002492
     14/27     9.13G   0.02899   0.01612  0.002608   0.04772        50       640    0.9517    0.8354     0.909    0.6241   0.02877   0.01232  0.002696
     15/27     9.13G   0.02827   0.01557  0.002322   0.04616        58       640    0.9383    0.8599    0.9147    0.6249   0.02868   0.01242  0.002061
     16/27     9.13G   0.02803   0.01587  0.002048   0.04595        43       640    0.9346    0.8652    0.9163    0.6256   0.02815   0.01234   0.00245
     17/27     9.13G   0.02712   0.01538  0.002132   0.04462        73       640    0.9393    0.8613    0.9129    0.6278   0.02801   0.01244  0.002287
     18/27     9.13G   0.02619    0.0151  0.001854   0.04314        37       640    0.9387    0.8626    0.9157    0.6276   0.02788   0.01224  0.002253
     19/27     9.13G   0.02574   0.01456   0.00175   0.04205        60       640    0.9279    0.8757    0.9152     0.638    0.0277   0.01247  0.002305
     20/27     9.13G   0.02568   0.01476  0.001817   0.04226        47       640    0.9341    0.8674    0.9167    0.6424    0.0275   0.01252  0.002259
     21/27     9.13G   0.02474     0.014   0.00171   0.04044        43       640    0.9432    0.8692    0.9215    0.6428   0.02756   0.01251  0.002673
     22/27     9.13G   0.02498    0.0146   0.00148   0.04106        41       640    0.9349    0.8706    0.9175    0.6402   0.02754   0.01262  0.002887
     23/27     9.13G   0.02407   0.01379  0.001448   0.03931        42       640    0.9484     0.857    0.9175    0.6403    0.0276   0.01244   0.00274
     24/27     9.13G   0.02397    0.0139  0.001347   0.03922        99       640    0.9408    0.8793    0.9213    0.6459   0.02745    0.0125  0.002757
     25/27     9.13G   0.02368   0.01365  0.001406   0.03874        66       640    0.9601     0.858    0.9192    0.6499   0.02733    0.0125  0.002715
     26/27     9.13G   0.02366   0.01357  0.001201   0.03844        48       640    0.9462    0.8659    0.9218    0.6479   0.02753   0.01257  0.002557
     27/27     9.13G   0.02302   0.01353  0.001256   0.03781        30       640    0.9474    0.8687    0.9212    0.6468   0.02728   0.01272  0.002586
