      0/27     6.54G   0.08503   0.04543    0.0213    0.1518       155       640    0.1677    0.2995     0.148   0.03868   0.06335   0.03077   0.01457
      1/27     4.12G   0.06385   0.03698   0.01264    0.1135       141       640    0.5085    0.4962    0.4744    0.1677   0.05582   0.02406  0.008246
      2/27     4.13G   0.05764   0.03342  0.008652   0.09971       143       640    0.5736    0.5625    0.4996    0.1914   0.05099   0.02234  0.005692
      3/27     4.13G   0.05818   0.03186  0.007424   0.09746       114       640     0.672    0.5931    0.6141    0.2723   0.04933   0.02142  0.004654
      4/27     4.13G   0.05467   0.03075  0.006468   0.09188       124       640    0.7495    0.6453    0.7081    0.3468   0.04593   0.02096  0.004204
      5/27     4.13G    0.0509   0.02996  0.005795   0.08665        92       640     0.786    0.6335     0.715    0.3541   0.04491   0.02065  0.004051
      6/27     4.13G   0.04909   0.02875   0.00549   0.08333        95       640    0.8045    0.5896    0.6842    0.3367   0.04558   0.02248  0.004346
      7/27     4.13G    0.0475   0.02911   0.00529    0.0819        92       640    0.7499    0.6703    0.7428    0.3833   0.04203   0.02002  0.003773
      8/27     4.13G    0.0456   0.02806  0.004778   0.07844       128       640    0.8068    0.6588    0.7417    0.3898   0.04212   0.01994   0.00405
      9/27     4.13G   0.04438   0.02751   0.00462   0.07651       157       640    0.8272    0.6926    0.7781    0.4206   0.04067   0.01936  0.003612
     10/27     4.13G   0.04315    0.0276  0.004532   0.07528       107       640    0.7941    0.7025    0.7689    0.4083   0.04067   0.01937  0.003614
     11/27     4.13G   0.04252   0.02714   0.00416   0.07382       118       640    0.8561    0.6885    0.7842    0.4299   0.03991   0.01929  0.003626
     12/27     4.13G   0.04115   0.02708  0.004119   0.07235        93       640    0.8621    0.7388    0.8028    0.4517   0.03938   0.01888  0.003397
     13/27     4.13G   0.04046   0.02608  0.003909   0.07045        77       640    0.8248    0.7385    0.7987    0.4462   0.03875    0.0189  0.003638
     14/27     4.13G   0.03955   0.02578  0.003899   0.06924       107       640    0.8611    0.7331    0.8184     0.462   0.03868   0.01852  0.003039
     15/27     4.13G   0.03958   0.02616    0.0038   0.06954       113       640    0.8691    0.7423    0.8234    0.4678   0.03807    0.0187  0.003039
     16/27     4.13G    0.0394   0.02509  0.003449   0.06794       112       640    0.8351    0.7479    0.8061    0.4586   0.03788   0.01895  0.003081
     17/27     4.13G   0.03842   0.02564  0.003575   0.06763       138       640    0.8357     0.755    0.8114    0.4668   0.03745   0.01865  0.003538
     18/27     4.13G   0.03792   0.02581  0.003416   0.06715       146       640    0.8466    0.7665    0.8237    0.4731   0.03721   0.01872  0.002873
     19/27     4.13G   0.03823   0.02502  0.003167   0.06642       195       640    0.8549    0.7789     0.834    0.4814   0.03711   0.01843  0.002835
     20/27     4.13G   0.03742   0.02473   0.00312   0.06528        98       640    0.8447    0.7789    0.8301    0.4874   0.03691   0.01833  0.002718
     21/27     4.13G   0.03746   0.02433   0.00307   0.06486       122       640    0.8564    0.7715    0.8372      0.49   0.03663   0.01818   0.00315
     22/27     4.13G   0.03646   0.02465  0.002923   0.06403       186       640    0.8463    0.7851     0.832    0.4853   0.03676    0.0181  0.003204
     23/27     4.13G   0.03631    0.0245  0.002892   0.06371       127       640    0.8742    0.7771    0.8386    0.4958   0.03642   0.01823  0.002836
     24/27     4.13G    0.0363    0.0246  0.002762   0.06365       105       640    0.8626    0.7773    0.8394    0.4907   0.03633   0.01825  0.003061
     25/27     4.13G   0.03628   0.02461  0.002686   0.06357       101       640    0.8646    0.7737    0.8386     0.491   0.03632   0.01827  0.002926
     26/27     4.13G   0.03618   0.02439  0.002688   0.06326       130       640    0.8522    0.7917     0.837    0.4927   0.03628   0.01827  0.003163
     27/27     4.13G   0.03531   0.02355  0.002455   0.06132       109       640    0.8726    0.7724    0.8407    0.4978   0.03611   0.01816  0.003135
