     0/299     8.68G   0.08679   0.03583   0.02136     0.144       140       640    0.3652    0.4207    0.2948    0.0929   0.06055   0.02393   0.01339
     1/299     7.16G   0.06188   0.02653  0.009829   0.09824        91       640    0.5605    0.5988    0.5515    0.1486    0.0591   0.01636  0.006447
     2/299     7.16G   0.05335   0.02238  0.006263     0.082        90       640    0.8059     0.718    0.7646    0.4183   0.04478   0.01577  0.004144
     3/299     7.16G   0.05405    0.0215  0.005452     0.081        97       640    0.6963    0.6532    0.6866     0.342   0.04558   0.01587   0.01197
     4/299     7.16G   0.04886   0.02073  0.005314    0.0749       138       640    0.8284     0.762     0.806    0.4282   0.04177   0.01448  0.003316
     5/299     7.16G   0.04511    0.0202  0.004958   0.07027        80       640    0.8623    0.7682     0.826    0.4651   0.03962   0.01563  0.003218
     6/299     7.16G   0.04349   0.01999  0.005352   0.06883       122       640     0.888    0.7648    0.8235     0.459   0.03981   0.01516  0.004235
     7/299     7.16G   0.04091   0.02056  0.004536   0.06601       118       640    0.8958     0.776    0.8473    0.5108   0.03771   0.01445   0.00371
     8/299     7.16G   0.03943   0.01997  0.004378   0.06378        71       640    0.9135    0.8028     0.868    0.5255   0.03631   0.01398  0.002731
     9/299     7.16G   0.03721   0.01939  0.004318   0.06091       102       640    0.9053    0.8084    0.8659    0.5367    0.0352   0.01419  0.003606
    10/299     7.16G    0.0369   0.01909  0.004015   0.06001       110       640    0.8717    0.7842    0.8456    0.5182   0.03547   0.01419  0.004658
    11/299     7.16G    0.0359   0.01916  0.003916   0.05897       109       640    0.9151    0.8023    0.8633    0.5489   0.03494   0.01422  0.002992
    12/299     7.16G   0.03539   0.01894  0.003866   0.05819       105       640    0.9312     0.812    0.8769    0.5499   0.03399   0.01412  0.002862
    13/299     7.16G   0.03514   0.01837  0.003488   0.05701       118       640     0.932    0.8092    0.8762    0.5663   0.03385   0.01352  0.003014
    14/299     7.16G   0.03471   0.01865  0.003415   0.05677       124       640    0.9183    0.8151     0.875     0.563    0.0334   0.01324  0.003113
    15/299     7.16G   0.03399   0.01806  0.003609   0.05566       130       640    0.9298    0.8132     0.874    0.5706   0.03339   0.01339  0.003003
    16/299     7.16G   0.03446   0.01871  0.003246   0.05642        91       640    0.9217    0.8179    0.8768    0.5813   0.03214   0.01321  0.002868
    17/299     7.16G   0.03344    0.0181  0.003121   0.05466       145       640    0.9445    0.8165    0.8859    0.5587   0.03317   0.01329  0.002694
    18/299     7.16G   0.03317   0.01775  0.002952   0.05387       142       640    0.9286    0.8385    0.8879    0.5819   0.03233   0.01292  0.002205
    19/299     7.16G   0.03334   0.01797  0.003233   0.05454        94       640    0.9348    0.8398    0.8893    0.5888   0.03248   0.01321  0.002684
    20/299     7.16G   0.03229   0.01747  0.003063   0.05282       131       640    0.9453    0.8209    0.8871    0.5657   0.03332   0.01317  0.002423
    21/299     7.16G   0.03247   0.01754  0.002716   0.05273       108       640    0.9231    0.8442    0.8929    0.5899   0.03179    0.0132  0.002363
    22/299     7.16G   0.03263   0.01759  0.002805   0.05302       123       640    0.9365    0.8303    0.8867      0.59   0.03195   0.01327  0.002524
    23/299     7.16G   0.03224   0.01719  0.002729   0.05217       123       640    0.9346     0.808    0.8805     0.581   0.03213   0.01349  0.004059
    24/299     7.16G    0.0324   0.01738  0.002927   0.05271       150       640    0.9329    0.8227    0.8791    0.5782   0.03248   0.01384  0.002585
    25/299     7.16G   0.03178   0.01709  0.002824   0.05169       104       640    0.9209    0.8402      0.89    0.5935   0.03162   0.01306  0.002703
    26/299     7.16G    0.0321   0.01702  0.002811   0.05193       112       640    0.9223    0.8446    0.8922    0.5936   0.03144   0.01307   0.00221
    27/299     7.16G   0.03197   0.01727  0.002597   0.05184        96       640    0.9142    0.8546    0.8956    0.5957   0.03127    0.0129  0.002246
