      0/27     11.5G   0.08604   0.03608   0.02166    0.1438        88       640    0.4387    0.4089    0.3583   0.09893   0.06357   0.02398   0.01466
      1/27     11.4G   0.05967   0.02571   0.01115   0.09653       109       640    0.7069    0.7268    0.7055    0.2529   0.05008    0.0159  0.004075
      2/27     11.4G   0.04922    0.0213  0.005561   0.07609       109       640    0.8553    0.7766    0.8219    0.3341   0.04447   0.01454  0.003781
      3/27     11.4G   0.04917   0.02003  0.004981   0.07418       129       640     0.873    0.7811    0.8439    0.4199   0.04318   0.01392  0.003739
      4/27     11.4G   0.04552   0.01945  0.004549   0.06951       111       640    0.8962    0.8339    0.8783    0.5073   0.03839   0.01389  0.003056
      5/27     11.4G   0.04193   0.01906  0.004205    0.0652       127       640    0.9315    0.8014    0.8673    0.5242   0.03727   0.01375  0.003087
      6/27     11.4G   0.03958   0.01908  0.004256   0.06291       115       640    0.8773     0.771     0.837    0.5011   0.03748   0.01507  0.004754
      7/27     11.4G   0.03736   0.01902  0.003911   0.06029        81       640    0.9196    0.8202    0.8758    0.5612   0.03354   0.01378  0.003238
      8/27     11.4G   0.03536   0.01816   0.00397   0.05749       164       640    0.9072    0.8377    0.8812    0.5615    0.0333   0.01364  0.002779
      9/27     11.4G   0.03359    0.0177  0.003564   0.05485        87       640    0.9322    0.8345    0.8902    0.5816   0.03197   0.01263  0.003161
     10/27     11.4G   0.03305   0.01756  0.003212   0.05382       103       640    0.9508    0.8401    0.8971    0.5871   0.03144   0.01273  0.002705
     11/27     11.4G   0.03169   0.01714  0.003047   0.05188       108       640    0.8943    0.8269    0.8757    0.5807   0.03184   0.01324  0.004226
     12/27     11.4G   0.03153   0.01698  0.002806   0.05131       105       640    0.9205    0.8455    0.8979    0.5937    0.0313   0.01261  0.002853
     13/27     11.4G   0.03054   0.01645  0.002849   0.04983       137       640    0.9508    0.8349     0.896    0.6009   0.03119   0.01285  0.002781
     14/27     11.4G   0.02965   0.01644  0.002416   0.04851       106       640    0.9273    0.8601    0.9015    0.5945   0.03091   0.01272  0.002355
     15/27     11.4G   0.02948   0.01628  0.002295   0.04806       117       640    0.9296    0.8474     0.902    0.6079   0.03031   0.01278  0.002594
     16/27     11.4G   0.02943   0.01634  0.002111   0.04788        98       640    0.9498    0.8467    0.9066    0.6155   0.03001    0.0126  0.002603
     17/27     11.4G   0.02809   0.01557  0.002152   0.04582       250       640    0.9575    0.8489     0.911    0.6217   0.03005   0.01248  0.002199
     18/27     11.4G   0.02728   0.01523  0.001964   0.04448       154       640    0.9542    0.8534    0.9083    0.6174   0.02995   0.01259  0.002274
     19/27     11.4G   0.02701   0.01507  0.001902   0.04398       148       640    0.9321    0.8589    0.9138    0.6269    0.0294   0.01232  0.002882
     20/27     11.4G   0.02686   0.01456  0.001657   0.04308       106       640    0.9262    0.8652      0.91    0.6323    0.0293   0.01231  0.002951
     21/27     11.4G   0.02664   0.01511  0.001805   0.04355       137       640    0.9273    0.8688    0.9129    0.6353    0.0293   0.01244   0.00286
     22/27     11.4G   0.02584   0.01458  0.001653   0.04207       125       640    0.9427    0.8669    0.9141    0.6365   0.02893   0.01261  0.002288
     23/27     11.4G   0.02528   0.01434  0.001475    0.0411       125       640    0.9475    0.8698    0.9177    0.6379   0.02892   0.01252  0.002508
     24/27     11.4G   0.02511   0.01415  0.001605   0.04087       137       640     0.949    0.8625     0.914    0.6304   0.02911   0.01265  0.002524
     25/27     11.4G   0.02494   0.01412  0.001557   0.04062       108       640    0.9535    0.8625    0.9172    0.6396   0.02882   0.01254   0.00252
     26/27     11.4G   0.02474   0.01429  0.001274   0.04031        98       640     0.948    0.8659    0.9167     0.635   0.02897   0.01257  0.002604
     27/27     11.4G   0.02478   0.01379  0.001464   0.04003        80       640    0.9431    0.8713    0.9197    0.6368   0.02892   0.01261   0.00233
